24 8192

786
-1
-1
770
-1
24
1023
-1
-1
1491
1916
-1
2011
971
1202
1265
-1
505
-1
75
1533
-1
616
-1
697
595
698
1911
-1
-1
204
719
1728
1847
-1
761
732
-1
1074
-1
814
883
-1
565
-1
1271
519
1250
-1
1823
1260
-1
364
-1
-1
1727
1178
-1
-1
-1
787
-1
-1
-1
2017
728
825
840
1882
-1
920
163
-1
557
-1
1759
-1
329
-1
-1
446
192
-1
279
536
-1
818
-1
1594
-1
86
-1
1258
-1
-1
1736
-1
1715
1350
-1
1103
-1
259
1086
-1
-1
-1
-1
-1
1941
-1
1853
-1
1018
10
77
1976
591
1974
1483
-1
-1
606
716
-1
-1
-1
-1
1279
-1
801
-1
674
1056
-1
577
-1
188
464
-1
-1
257
2025
1039
685
701
1642
1379
-1
-1
-1
-1
874
1378
1261
-1
-1
201
398
1534
302
-1
948
600
-1
1469
1643
-1
-1
1753
107
783
667
1493
-1
-1
1877
11
418
1310
-1
1042
579
-1
-1
632
1836
1004
1060
1935
1007
1471
-1
2028
869
-1
1120
-1
288
-1
569
1825
1089
1780
29
1266
1055
44
191
945
-1
189
2047
1283
1005
-1
12
654
1603
1361
1832
1837
1674
2026
-1
1411
742
-1
-1
-1
612
-1
1553
-1
-1
-1
1369
-1
726
990
-1
-1
1248
534
-1
1332
551
889
281
1354
979
731
-1
238
-1
-1
-1
-1
583
1755
811
1548
-1
1231
-1
330
1233
-1
-1
1381
1142
819
1185
1172
1284
1517
-1
915
-1
1529
1118
-1
1138
1263
316
-1
-1
1391
230
167
-1
-1
-1
120
-1
141
-1
1627
1108
-1
119
1714
822
-1
1119
-1
1532
-1
425
437
-1
-1
181
965
1139
393
-1
331
936
1883
1149
-1
1204
1760
1889
-1
-1
-1
384
159
45
-1
-1
1608
-1
2032
-1
-1
1635
2004
1607
157
-1
1442
-1
-1
-1
456
1841
-1
1818
-1
448
-1
1152
1314
-1
495
1557
1415
871
-1
1063
947
-1
-1
-1
777
1926
22
1894
951
1500
1145
1844
-1
1006
-1
397
-1
1046
208
-1
-1
-1
2024
63
-1
2034
1245
-1
1157
-1
-1
1207
928
-1
1278
203
-1
1970
1150
1774
1290
1747
747
563
419
-1
1194
-1
33
1666
-1
286
1218
-1
-1
341
40
1114
-1
1503
-1
-1
-1
277
-1
-1
-1
-1
252
1087
344
145
1633
-1
-1
-1
918
438
1398
342
-1
1612
1525
30
1721
-1
216
236
1873
808
841
1692
-1
1526
-1
993
171
1618
1512
-1
1838
-1
-1
843
957
421
1595
-1
-1
1316
-1
1480
1459
-1
68
-1
1670
-1
-1
-1
1886
-1
1718
1264
855
-1
1991
1125
470
-1
1840
-1
1135
597
-1
1676
-1
422
-1
1388
-1
1252
-1
-1
-1
-1
-1
-1
-1
407
-1
-1
-1
354
847
180
179
1895
854
1219
1404
1531
617
-1
-1
0
717
315
105
1358
1993
348
-1
399
-1
952
133
2046
-1
1575
1090
2020
643
791
-1
-1
-1
108
798
765
1783
1682
185
-1
-1
-1
-1
-1
1706
-1
-1
392
-1
-1
206
1730
1846
1294
1141
-1
-1
835
-1
-1
-1
1621
1668
482
651
372
898
-1
-1
1962
723
1126
796
-1
601
-1
-1
-1
-1
-1
-1
-1
-1
-1
472
-1
797
1235
1430
1489
-1
531
212
803
1466
228
-1
1059
-1
-1
1828
1535
691
-1
-1
1545
-1
-1
549
104
-1
1240
1297
1012
-1
-1
1470
1528
754
-1
736
-1
154
-1
-1
-1
-1
984
1110
-1
1306
1732
-1
1011
-1
-1
-1
1638
1434
-1
-1
895
544
-1
1809
310
199
552
-1
1374
882
1253
-1
-1
1445
1418
804
-1
1948
-1
1601
-1
275
735
62
-1
-1
-1
891
51
-1
620
1431
-1
1104
266
1443
-1
427
1217
968
773
925
497
-1
-1
-1
-1
733
15
-1
-1
-1
-1
2039
423
-1
-1
-1
92
273
713
834
1689
-1
1544
1515
1299
1577
1079
-1
404
1990
1996
939
-1
-1
153
1641
-1
-1
-1
-1
-1
148
-1
-1
160
916
-1
956
1187
989
1392
132
878
693
457
741
1387
-1
1839
2031
98
-1
1663
-1
-1
1946
1814
358
-1
911
1397
356
-1
-1
-1
1070
543
1979
-1
-1
923
-1
-1
-1
-1
2010
795
1538
1419
-1
721
1698
17
-1
626
657
-1
-1
1811
-1
43
1564
876
490
745
-1
1210
-1
-1
2012
897
782
1985
-1
1129
96
2022
1076
-1
1295
523
-1
-1
-1
468
1724
359
1752
963
-1
484
81
1463
-1
637
-1
1165
403
1933
1035
679
1317
-1
122
-1
604
-1
-1
1699
1998
812
514
-1
-1
1002
-1
838
-1
-1
689
574
-1
1343
-1
1590
1567
-1
974
-1
-1
1467
845
1438
912
-1
-1
-1
1486
-1
1208
1872
-1
2033
1777
78
1073
1479
-1
190
991
-1
363
-1
-1
249
-1
-1
369
-1
1507
1653
681
-1
1613
196
218
1122
1427
-1
405
-1
1702
-1
2040
-1
-1
1615
-1
-1
-1
718
-1
-1
525
115
357
1468
-1
931
879
542
210
893
-1
382
-1
1778
255
-1
1328
-1
746
-1
-1
-1
833
320
-1
194
1871
-1
1366
1334
-1
-1
844
-1
-1
467
166
-1
1719
780
774
2002
1509
1096
976
1472
1955
1950
1522
1898
-1
687
202
-1
602
707
740
1769
-1
1273
380
-1
-1
-1
1516
1680
1693
-1
790
306
-1
-1
1796
-1
675
61
-1
-1
223
1116
-1
1257
1944
-1
294
1662
929
1821
-1
-1
756
-1
-1
-1
67
175
-1
1251
1020
1931
309
297
1100
-1
1915
-1
195
1243
-1
-1
578
1052
827
459
-1
-1
-1
-1
-1
709
1758
391
1609
1634
-1
1285
-1
1154
-1
-1
-1
220
-1
-1
1075
-1
900
1241
1652
-1
-1
1296
764
118
429
1101
1705
1027
-1
1146
-1
799
-1
-1
1558
-1
1686
655
1502
-1
-1
-1
-1
-1
1849
162
831
958
243
-1
1887
-1
581
14
1461
-1
1750
1939
1733
806
250
-1
-1
-1
-1
1994
-1
1673
-1
-1
37
1896
1025
2007
905
-1
-1
1402
-1
652
705
1667
350
1301
526
-1
-1
-1
283
293
703
1817
-1
72
88
-1
-1
973
-1
1810
-1
-1
-1
424
1602
-1
1280
430
508
1066
-1
539
-1
-1
219
1738
-1
1451
93
1003
121
1384
-1
794
-1
-1
1213
1630
130
-1
-1
789
5
-1
1484
-1
-1
1291
198
1704
1140
-1
-1
757
1078
598
896
-1
-1
529
587
772
-1
2043
-1
1173
-1
1518
1362
326
413
-1
-1
2008
1772
1983
941
-1
-1
-1
-1
-1
-1
-1
1188
-1
-1
1864
1578
1647
-1
778
1746
969
708
-1
1242
97
454
-1
-1
1940
-1
750
1878
585
-1
1262
-1
436
1885
666
-1
-1
1117
-1
-1
335
-1
1523
1712
1106
473
-1
1292
837
671
1881
582
678
-1
980
1236
-1
507
-1
1083
-1
-1
610
1410
-1
-1
3
176
332
474
-1
502
1995
749
-1
730
488
-1
-1
2001
-1
-1
-1
1439
-1
-1
-1
2009
-1
1080
1487
1447
-1
-1
239
-1
-1
1497
1813
-1
-1
1186
-1
-1
-1
-1
1961
1619
-1
-1
374
-1
712
-1
624
680
1555
1256
-1
826
1790
1963
57
1511
-1
1396
1449
1510
-1
-1
-1
193
1956
1180
1763
1586
9
-1
-1
1333
-1
-1
131
-1
-1
333
1967
-1
1321
1319
-1
184
16
639
-1
156
-1
1929
960
-1
-1
-1
1456
-1
-1
211
1852
-1
-1
1659
-1
-1
1623
-1
755
556
360
-1
512
-1
1417
-1
-1
-1
1190
640
2045
-1
1805
1311
1875
-1
296
-1
-1
-1
-1
1413
-1
-1
-1
-1
1827
715
-1
73
-1
759
-1
625
-1
-1
1552
271
-1
1424
-1
1802
1420
112
71
-1
1617
-1
1729
-1
527
-1
280
1863
2044
-1
221
409
-1
511
1694
466
607
1274
-1
-1
1710
-1
55
1671
-1
319
140
215
1907
933
1943
1408
1656
-1
-1
-1
-1
-1
1136
1857
1022
402
-1
1166
1458
1924
-1
1323
1113
-1
1040
1588
-1
553
-1
-1
1655
-1
1683
-1
-1
322
1788
1820
-1
1890
-1
683
1988
966
-1
877
-1
538
1123
247
824
-1
1593
520
676
-1
308
-1
946
1403
1779
-1
343
-1
1560
234
2014
2013
1713
1071
1183
-1
-1
-1
1648
1255
873
1734
1175
1151
1506
1725
1045
139
-1
-1
439
-1
362
-1
200
618
815
1457
987
1862
-1
303
1541
385
375
1866
-1
-1
1540
233
1244
1300
1874
1562
592
-1
1131
2037
1444
-1
-1
1473
-1
-1
1665
839
-1
1582
-1
1776
1978
-1
944
785
1031
1081
853
828
-1
87
593
-1
-1
-1
880
-1
937
274
226
-1
-1
921
751
149
608
503
665
1441
85
-1
-1
-1
1711
-1
431
1054
-1
-1
567
532
1093
-1
336
-1
500
1899
-1
1195
1164
209
899
-1
996
1270
-1
1171
658
-1
1405
-1
1566
-1
-1
-1
997
1453
-1
150
-1
-1
-1
706
-1
-1
-1
-1
493
-1
978
1030
-1
1267
478
1293
-1
-1
-1
-1
599
-1
-1
-1
-1
1808
829
480
-1
927
1845
1192
-1
396
-1
1856
486
244
-1
41
64
851
1133
1364
864
-1
1305
-1
-1
1184
-1
227
1153
1685
1360
518
-1
1598
1580
295
-1
491
-1
489
906
1339
-1
668
496
917
1425
-1
324
449
169
1277
-1
1775
-1
-1
1412
-1
1971
1401
522
-1
555
1765
-1
1167
278
1934
-1
752
213
-1
-1
1803
1800
-1
-1
-1
576
859
-1
1942
1440
95
4
114
1053
603
1239
1987
1530
1795
462
-1
-1
-1
630
2018
-1
1921
-1
699
-1
1968
-1
-1
-1
1649
1570
106
572
-1
700
-1
-1
1876
-1
1599
-1
-1
-1
-1
-1
-1
-1
177
1499
282
546
935
-1
-1
-1
682
1132
-1
-1
299
584
-1
1909
1034
1232
1951
225
1051
-1
-1
1037
1448
714
-1
1390
-1
1189
919
1793
-1
566
1068
892
117
768
1148
-1
1903
561
289
739
52
317
-1
1614
-1
416
1861
-1
-1
501
1429
1147
1099
1014
1057
2005
-1
-1
345
1610
1831
-1
1597
420
-1
-1
1681
1959
-1
-1
410
1505
-1
35
589
-1
2027
6
634
264
-1
2042
-1
-1
1205
-1
116
645
888
229
426
-1
-1
-1
-1
-1
263
-1
938
-1
1501
1455
1938
766
-1
-1
890
537
168
1376
1109
1781
494
-1
622
-1
1215
1385
-1
351
753
-1
1021
-1
-1
1850
-1
1010
908
-1
-1
1324
-1
339
781
-1
1696
99
1426
-1
232
-1
615
-1
832
42
-1
-1
-1
1812
-1
-1
1112
2021
1519
1543
321
904
-1
1709
-1
1389
631
949
-1
353
1600
1482
136
1043
1400
19
961
-1
395
414
-1
1393
-1
1228
-1
1757
1644
-1
1743
253
580
748
1013
-1
1201
352
1342
1345
1437
1628
887
-1
1592
483
614
-1
-1
1169
1452
1624
1604
460
623
590
1587
143
977
1309
724
-1
-1
1762
445
-1
1340
1375
1325
-1
669
-1
103
245
1044
554
1287
-1
1563
894
-1
1914
110
515
-1
444
-1
1355
452
